#syr
1972
#eyr
2011
#iyr	
1972 1973 1974 1975 1976 1977 1978 1979 1980 1981 1982 1983 1984 1985 1986 1987 1988 1989 1990 1991 1992 1993 1994 1995 1996 1997 1998 1999 2000 2001 2002 2003 2004 2005 2006 2007 2008 2009 2010 2011
#catch
15.56  36.68  61.08  67.64 140.21  99.01 159.17 116.02 189.71 232.46 219.98 194.31 196.57 221.43 339.84 305.31 213.77 160.32 237.04 258.53 211.22 205.51 171.18 211.61 188.98 167.02 201.23 147.57 106.79  86.21 136.60 103.06 101.07 124.97  81.81  95.04  78.59 130.00 101.43  74.91
#cpue
1.56 1.83 2.04 1.69 2.80 1.65 2.27 1.45 2.11 2.32 2.00 1.62 1.51 1.58 2.27 1.91 1.26 0.97 1.48 1.67 1.41 1.42 1.22 1.57 1.45 1.34 1.68 1.28 0.97 0.82 1.37 1.08 1.12 1.47 1.02 1.27 1.12 2.00 1.69 1.36
#eof
999
